10778, 783,   
-9256, 5359,   


-3786, 11207,   
11009, 2913,   


1450, -1716,   
6057, 3776,   


-6711, -958,   
-13548, 15202,   


9159, -13722,   
3202, -14000,   


7613, -7224,   
-1870, 13491,   


5700, -12675,   
-14465, 3499,   


6201, 7082,   
-673, 1707,   


10705, -10151,   
-10248, 15387,   


14534, 5134,   
11530, -15256,   


-1535, -2733,   
12502, -15391,   


10731, -4117,   
3760, 7200,   


-3997, -2327,   
2947, 2046,   


5415, 15548,   
14371, -13732,   


3175, -7672,   
11625, 417,   


12397, 7924,   
9063, 9804,   


10256, 14199,   
2974, -14670,   


14061, 4358,   
-7866, -4585,   


-4926, -3057,   
-5987, -2753,   


-830, 12540,   
-1524, 9479,   


-15122, 2994,   
9843, 14852,   


-11487, 13723,   
6284, 10823,   


8402, -3889,   
10067, -14113,   


8298, 5171,   
-11489, -12595,   


4965, -9857,   
4251, -10263,   


-1301, 6326,   
2568, 287,   


-11763, 8177,   
6905, 4720,   


-369, 15336,   
-3943, 977,   


-7761, 13506,   
-11294, 673,   


4374, -8410,   
5645, 5162,   


2163, -10607,   
2938, -5258,   


-15502, 9035,   
424, -8927,   


-10294, 770,   
4396, -15061,   


3608, 5040,   
3631, 5763,   


-6781, -13540,   
-729, 15058,   


8049, -3713,   
-5257, 127,   


4018, 9109,   
-1599, 758,   


-2613, -6263,   
5368, 13643,   


8329, 13926,   
9753, 13194,   


-6489, -12531,   
-3192, -5189,   


-7197, 1135,   
-10482, -8997,   


-7192, -8696,   
6628, 1525,   


-6580, 14664,   
14024, -8466,   


-10492, -5809,   
-14650, -4432,   


-14889, -10599,   
10725, 11803,   


2919, -10687,   
-5706, -8299,   


9404, 5239,   
5323, 9982,   


-9101, -10549,   
4303, -15558,   


-4755, -13713,   
6799, 14264,   


-1378, 11303,   
11057, -864,   


-5429, -3733,   
12031, 8133,   


10683, 9532,   
11138, 3417,   


-9209, -14033,   
3305, 1443,   


-6713, -4022,   
-13551, 1395,   


12680, 5297,   
14377, -10491,   


12461, -9855,   
-4099, 12995,   


-3083, -417,   
7797, -11636,   


10699, 11876,   
6227, 7960,   


-6467, -6548,   
7902, -12552,   


4659, 5645,   
-15328, 4799,   


-5913, 13824,   
14965, 1716,   


6410, -8095,   
6761, 11368,   


-9470, 14867,   
-4165, -11224,   


-9191, 12840,   
5153, -1173,   


-9645, 3097,   
-6467, -12723,   


-13347, 2528,   
2054, -7619,   


4258, 13823,   
-14295, -6672,   


-5174, -7881,   
15380, 12625,   


3241, -11215,   
-10544, 11927,   


-3221, -601,   
289, 3885,   


9805, 5903,   
-5957, 1812,   


6752, 4461,   
8796, -1043,   


14431, -14940,   
-12120, -3019,   


-2131, -7454,   
15036, 14497,   


-13846, -2986,   
-6165, -10823,   


12409, 3673,   
6224, 13669,   


-872, -12824,   
13233, 5556,   


-13394, -14165,   
7470, 9934,   


-3114, -3299,   
-2755, -10903,   


-7160, -6485,   
10031, -2755,   


-10483, -6962,   
-11488, -14842,   


9830, -9070,   
-3462, -14128,   


-10448, -12640,   
1000, 8169,   


1237, 13178,   
-1957, 1249,   


3183, -9873,   
7258, 1522,   


-13772, -13592,   
6937, -14515,   


14025, -5659,   
-7288, -13663,   


13696, -2050,   
13557, -99,   


1870, -2341,   
-10892, -13561,   


13598, 344,   
-8988, -2456,   


15139, -7761,   
-544, -5460,   


1603, -8861,   
5152, -5950,   


-3078, -9460,   
-3104, -10756,   


9405, -2087,   
-8057, 4191,   


9011, -4830,   
7424, -13712,   


9386, -9144,   
8488, 11602,   


14360, 14048,   
7311, -8637,   


6706, -14462,   
14929, -79,   


13918, 1095,   
6287, 11675,   


10436, 14634,   
-11363, -7752,   


-11630, -12149,   
5071, 15474,   


9928, -13408,   
14185, -5686,   


8815, 7204,   
2015, 6953,   


13962, 5940,   
3596, 12296,   


-173, 5767,   
13841, -1889,   


5376, -4803,   
14961, -4546,   


8786, 8206,   
12607, -12355,   


3187, -13793,   
-13323, 4224,   


-13245, 3007,   
-9619, 13536,   


-2351, -2617,   
-3479, 11068,   


14382, -6025,   
8683, 12307,   


12389, -14651,   
-6786, -9716,   


3527, -5130,   
2611, 12862,   


-11716, 11854,   
9751, 8198,   


-1216, 8717,   
-257, 6092,   


-5909, -4981,   
9861, -15429,   


8418, 12554,   
-11712, -12574,   


-11815, 85,   
-6664, -12079,   


-10997, -2954,   
-11143, -4849,   


-2479, 12202,   
-4804, 9601,   


-3881, 4903,   
6281, -12740,   


-10269, -7087,   
9726, -3011,   


-4658, -13010,   
-13671, 8097,   


-2657, -13417,   
11960, 10335,   


-10154, -5158,   
-2919, 3853,   


-11095, 8622,   
-1636, -10414,   


5321, -465,   
-3655, 1977,   


-9141, 13455,   
-3320, -13623,   


-5007, 5780,   
-8798, -8360,   


-6154, 4071,   
756, -5949,   


-6392, 1662,   
8783, -13380,   


-10494, 6023,   
597, 9356,   


5641, -1319,   
1007, -6277,   


11998, -12639,   
14046, 3679,   


-382, 15122,   
14895, -11135,   


234, -12278,   
-14659, -13987,   


4871, 11275,   
13280, 13658,   


12897, -15136,   
15177, -10148,   


6394, 3888,   
-8483, 4068,   


-6485, 7984,   
-12335, -8485,   


-14870, -10947,   
-757, 11768,   


-7035, 2719,   
-7208, 8849,   


11392, -8727,   
-6187, 2710,   


9810, -444,   
-11948, -11100,   


6345, -6031,   
-13563, -10155,   


12213, 15313,   
-3086, -4959,   


-13092, -11709,   
1170, 5879,   


-12913, -507,   
10726, -1063,   


-3615, -5109,   
12162, -8152,   


-7086, -2391,   
6194, 9882,   


12604, 14887,   
4912, 7065,   


7859, -10921,   
5008, -8189,   


-12198, 7410,   
8157, -6880,   


3299, 9684,   
-1191, -12647,   


14961, 5193,   
5701, 11686,   


-10232, -1848,   
7858, 3595,   


14571, 3733,   
4382, -15142,   


-7327, 8010,   
-2002, 207,   


-3493, -1689,   
-15279, -6843,   


-3451, -654,   
3343, 4729,   


578, 14680,   
-5321, -5007,   


-9354, 14867,   
3831, -13846,   


-1678, 628,   
-4170, 4741,   


-12702, -2025,   
-12960, 1709,   


-10473, 10576,   
15450, 4985,   


8727, -2245,   
-10234, -4150,   


-12448, 13039,   
-11393, -9182,   


13121, 6334,   
6420, -10876,   


9749, -8016,   
-4235, 5527,   


3654, 7555,   
15440, 13322,   


6727, 3277,   
-13018, -11505,   


5180, -12872,   
-7609, -11121,   


-12811, 15022,   
13127, -1186,   


12489, 6222,   
-8287, 918,   


14170, 15079,   
9924, -14217,   


-408, 13996,   
-13450, -1740,   


-423, -2113,   
-11192, 2348,   


-6504, 14504,   
-2939, -9034,   


-3443, -15433,   
-2196, -5366,   


-13833, -5026,   
-8102, 1067,   


6268, 9898,   
-9719, -9435,   


6528, -11727,   
388, -12570,   


6640, 6646,   
-7626, -11986,   


-7988, 8181,   
1209, 13941,   


9515, -7224,   
9621, -2712,   


13383, -940,   
8822, 3809,   


12979, -13371,   
2878, -8468,   


-2516, 2478,   
-7621, 3438,   


-9388, 958,   
-12518, -1821,   


-9425, 2356,   
14533, 5474,   


-25, 10539,   
13057, 3300,   


14451, -4739,   
-811, 11237,   


2186, 2567,   
-4939, 1854,   


-6341, 10944,   
7142, 4445,   


1211, -9658,   
-2033, -2843,   


7994, -7264,   
3462, -10202,   


4462, 10103,   
8674, -770,   


-564, 6938,   
2466, -8639,   


-4655, -13717,   
4576, 14727,   


7088, 12859,   
1674, -1655,   


-11093, 1240,   
-9181, 2361,   


11152, 6625,   
2945, 7794,   


9978, 1598,   
15167, 1960,   


7267, 584,   
12321, 12323,   


-3669, -11355,   
10816, -13816,   


-9124, -15372,   
-1968, -9243,   


3569, 5860,   
8938, 14057,   


-2383, 3944,   
-8860, -14600,   


7932, -15079,   
50, 6832,   


-3464, -8280,   
8006, -11911,   


-1501, 2222,   
-695, -12185,   


-1642, 1919,   
15010, 9298,   


6111, 3425,   
-7594, -2774,   


1459, -13489,   
-8329, 6765,   


-3695, -10492,   
9417, 12609,   


12403, -6892,   
-1813, -12331,   


-4917, 875,   
-14756, -9009,   


-11069, 14922,   
9886, -6720,   


-2946, -6003,   
-6667, 11626,   


-9596, 3508,   
-15046, 12050,   


3888, -12601,   
14183, -3525,   


-4614, -2141,   
8256, 7747,   


13111, 4709,   
-11694, 695,   


-8506, -1156,   
13104, 4846,   


9231, 9950,   
-2341, -6278,   


10318, 9449,   
-2174, -2759,   


-13975, 1978,   
-11166, 3170,   


-5855, -12901,   
-5385, -9859,   


-5307, 14122,   
2283, -3178,   


-11907, 5162,   
9837, -2666,   


9208, 11280,   
-13645, -2335,   


11788, 1975,   
-6417, -15125,   


-7658, -10607,   
-5269, 9484,   


-5419, -10140,   
-3976, -15197,   


-7976, 14668,   
440, -10767,   


6445, -5507,   
3253, -8223,   


-2574, -5910,   
-4026, 245,   


-3941, -11633,   
2417, -2713,   


13013, 14880,   
-6560, 8155,   


-2598, 10301,   
-4425, -1686,   


9816, 7149,   
13457, -775,   


-9714, 2570,   
10063, -7645,   


-3503, 6375,   
10775, 2687,   


-305, 9603,   
-9412, -12289,   


14416, -8326,   
-8780, 10606,   


-4697, 5536,   
-14846, 9856,   


5902, 14090,   
11159, 10023,   


-4910, -8285,   
4810, -7427,   


2464, 8681,   
-6450, -8626,   


-5101, -9000,   
-1846, -7212,   


6098, 6673,   
-10915, -5270,   


-2602, 13403,   
-291, 6684,   


-1539, 9466,   
1238, 5900,   


-753, 9303,   
-1179, 902,   


1541, 11502,   
-4120, -2703,   


-11124, -13013,   
413, -4150,   


282, 14186,   
-2968, 1635,   


15043, 3938,   
3298, -10555,   


-6133, -2636,   
4667, 10418,   


12003, 6998,   
-1346, 9813,   


-2156, -1285,   
-4730, 7741,   


-5651, 8057,   
4657, -6455,   


12104, -8798,   
4955, 641,   


-11267, -307,   
4224, 10844,   


13510, 4002,   
-52, 2367,   


-8310, 9527,   
-2477, 3264,   


5901, -10870,   
13117, 4200,   


-13423, 11497,   
6686, 11919,   


-6158, -2918,   
-2187, 13516,   


8213, -15262,   
-13233, -14543,   


-14157, 970,   
14214, 6727,   


-1427, -15289,   
-13418, -11731,   


8069, -12792,   
12085, 12981,   


6225, -7507,   
6832, 13661,   


10653, 9828,   
-1166, 1849,   


-11580, 14814,   
9906, -4533,   


2579, 3443,   
-1218, -7407,   


-4758, 6965,   
-8165, -14618,   


-6760, -8793,   
-9168, -8874,   


8282, 13963,   
-13484, 12212,   


-7019, 7614,   
-11435, 10842,   


-15151, 11468,   
15364, -3265,   


-6324, -13220,   
14327, 5483,   


15266, -598,   
-6608, 2014,   


7828, 9995,   
12900, 6574,   


-7893, 10166,   
-7175, 5977,   


10481, 5210,   
13027, -6795,   


9103, 1765,   
12416, 11977,   


12979, 10604,   
715, 11342,   


8755, 3817,   
14720, 14822,   


6129, 3838,   
-4127, -12571,   


8125, 4617,   
-14632, 8365,   


-13017, -14348,   
-13651, -6618,   


4164, -11030,   
708, 10065,   


13190, 12503,   
10197, -10707,   


5562, -3692,   
-14726, -2813,   


10865, -12468,   
-12570, 3610,   


-1395, -3720,   
-7671, -9431,   


3460, -14476,   
14088, 9750,   


-10152, -8734,   
-7724, 542,   


-225, -547,   
8121, 4977,   


-11001, -11129,   
1150, -7076,   


-2104, 12662,   
-12580, -7027,   


-9836, 9296,   
-15311, -12336,   


11999, 8674,   
11711, 0,   


2336, 13818,   
15239, 2948,   


-8684, 807,   
15332, 10833,   


10414, 9301,   
14360, 15049,   


4406, -8743,   
735, 878,   


-7399, -13579,   
-4729, -337,   


-5237, -10556,   
2689, -3935,   


10219, 7354,   
4828, -11579,   


-1273, 10962,   
-11111, 14711,   


7510, -2647,   
-10589, -6054,   


-8116, 5670,   
4510, 10690,   


-14923, -10635,   
-7923, 8199,   


2955, 7757,   
13614, -7455,   


-4490, 11809,   
-14176, -7721,   


10616, 4722,   
-417, -3821,   


10213, 6765,   
2923, 7514,   


3032, 3252,   
-14450, 5439,   


14246, 7685,   
-10558, 11395,   


-13102, 6680,   
5467, -14560,   


-1731, 1335,   
801, -7643,   


5196, -4255,   
-11498, 4302,   


-9296, 8543,   
-10701, -1511,   


1112, -11133,   
-13499, -5302,   


13830, 13425,   
-4677, 12132,   


7060, 503,   
8341, 14216,   


1502, -4682,   
-15146, 14856,   


-9203, 9349,   
9796, -10493,   


-633, 14279,   
-15420, 13509,   


-6734, 13779,   
15483, 3226,   


-12495, -11838,   
2513, 1037,   


-10397, -12102,   
-14734, 324,   


-2112, 4021,   
-13920, 387,   


-4771, -5194,   
-10715, 14180,   


-9117, 1880,   
14595, -7867,   


-7088, 5227,   
797, -12433,   


10309, 9340,   
-11095, 1737,   


-6955, 15157,   
8178, -5643,   


10008, 14604,   
10879, 4030,   


3528, 8273,   
-2391, 3186,   


3652, -1522,   
960, 12159,   


-3697, -9719,   
6169, -1061,   


-2383, 7463,   
-314, -2889,   


-3356, -8819,   
7821, 5544,   


-56, 6918,   
10811, 8680,   


-7754, 12550,   
11152, -1281,   


-7879, -1781,   
-7507, 4962,   


-6823, -13160,   
-8261, -4344,   


6680, -10352,   
14791, -11546,   


-679, -3364,   
11626, 9948,   


3203, 2870,   
-5567, 12542,   


2774, -4353,   
-15158, -14243,   


-7088, 5205,   
15116, -12934,   


-6697, 4275,   
1978, 4632,   


-5576, 15333,   
14821, -14285,   


-14241, 6743,   
-2411, 4892,   


-8071, -12802,   
15179, 7596,   


-15010, 9487,   
991, -5913,   


4990, 2091,   
-1018, 15114,   


11992, 4501,   
-9511, -8211,   


12071, 9840,   
-5636, 2838,   


12462, 2202,   
-6049, -5467,   


-9923, 6500,   
15260, -3212,   


5087, 6390,   
-14638, 10524,   


5581, 7733,   
10404, -5463,   


-1080, -9149,   
6938, -12737,   


8954, 2818,   
-14678, 11188,   


-335, 2549,   
-12179, -10482,   


73, -7844,   
14986, 2590,   


4635, -12806,   
13648, -10106,   


13714, -826,   
-9902, -7299,   


15144, 10246,   
-6476, -15082,   


-491, -14714,   
-8848, -10965,   


8913, -8348,   
-11525, -317,   


8108, -12998,   
-8109, -9354,   


-7892, -9197,   
-11890, 8502,   


-7756, 7417,   
-13178, 10238,   


-12141, 5500,   
7692, 7491,   


3516, 1451,   
-7720, 3090,   


-12485, -10922,   
11525, -4152,   


-3336, 10850,   
1885, -12742,   


-4689, -8043,   
15486, -9804,   


-9292, 8560,   
10223, 12709,   


-4256, 1051,   
-8088, 6133,   


-3548, -9364,   
14430, 7389,   


-10918, 13055,   
13557, 4705,   


-8255, 6225,   
11624, 14028,   


-11733, 9097,   
798, 7412,   


-439, 4984,   
-12644, 8094,   


-14673, 3769,   
5584, 13385,   


-7982, -7524,   
11435, 14646,   


-6424, -1985,   
-251, 7374,   


-481, 4379,   
-13112, 3363,   


-1647, -6252,   
8983, 40,   


7760, 10339,   
12356, 15315,   


11187, 2504,   
9053, 14332,   


-1682, 1842,   
-5170, -5331,   


12719, 12350,   
7407, -13275,   


14976, -2227,   
2244, -6262,   


3097, -6817,   
809, -11221,   


-1156, 13985,   
10687, 9942,   


12453, -1251,   
-2640, 4011,   


3238, -12703,   
6598, -8259,   


13358, -4360,   
9976, -11829,   


-11875, 14746,   
2640, 3146,   


14301, -2279,   
2821, -9537,   


-7339, -13830,   
3586, 8704,   


12948, -8943,   
730, -11133,   


2427, 3873,   
12258, 10031,   


-6772, -9756,   
14428, -13812,   


-7759, -687,   
-584, 13117,   


-12118, 2022,   
-3329, 6946,   


-7403, 10130,   
8632, -4291,   


-15270, -2823,   
-6062, 3236,   


8917, 11712,   
-6121, 8205,   


-14142, -14253,   
-8766, -7272,   


115, 9082,   
-7207, 2544,   


8059, 13733,   
-13499, 14798,   


10432, -579,   
9079, -8163,   


-10361, -3672,   
11095, -11639,   


-13824, 11143,   
-1241, 8860,   


4031, 4888,   
4676, -6228,   


4737, -11523,   
-12303, -13599,   


9927, 1196,   
12697, -3074,   


-4396, -1437,   
-12410, 14215,   


15163, 48,   
11933, 11661,   


9977, -5995,   
8451, -9257,   


-9583, -13575,   
-97, -1187,   


2490, -2263,   
-6027, 13581,   


6687, 8609,   
11162, 7217,   


-8029, -13147,   
-541, 6705,   


10598, -15120,   
-4976, 3433,   


-5643, 10804,   
-14097, -940,   


11398, -818,   
13861, -1058,   


3085, 13288,   
-12752, 7050,   


12630, -9748,   
4891, -11382,   


1999, 882,   
9136, 6052,   


-13181, 7268,   
-9991, -7954,   


-14223, -9594,   
10119, 6205,   


-1379, 10046,   
2596, -14186,   


13321, -10843,   
11239, -8602,   


-5964, -14984,   
-6755, 13382,   


5748, 11463,   
15003, -9471,   


-13878, 12179,   
104, 5784,   


-3150, 5930,   
-14924, -7104,   


-8047, -270,   
10676, -4116,   


10345, -6658,   
-14336, 9667,   


-8189, 2453,   
10896, -12475,   


-15394, 11803,   
6006, -11536,   


-5515, -5519,   
-12375, 10427,   


11046, 10637,   
10435, 6861,   


15546, 5903,   
14142, 4544,   


-4484, -5391,   
14695, 9515,   


-5406, 1832,   
3309, -344,   


-2497, -4938,   
-2756, -2600,   


13651, 5506,   
9650, -71,   


-11683, -14824,   
14544, -2749,   


3203, -5853,   
5028, -3880,   


-7996, 8248,   
-9593, -1402,   


15091, 10312,   
-4216, 9234,   


1306, 12641,   
4606, 14117,   


-1121, 9960,   
14245, -5750,   


11935, -9461,   
7969, 13642,   


-5949, -10989,   
-5990, -5722,   


-2109, 6882,   
14011, 8162,   


-5103, 11066,   
4020, -13259,   


14301, 15095,   
-14451, -12286,   


7852, 4249,   
3159, -10486,   


-318, 3267,   
-13304, -8704,   


-5251, 6488,   
-5181, -6387,   


-14437, 12310,   
-2938, 3352,   


7819, 3765,   
13228, -1248,   


-8542, 4364,   
5923, 4401,   


-11969, 1397,   
-2859, 3970,   


11498, -3972,   
-11770, -11498,   


7206, 7052,   
-14659, -13413,   


-6072, 1059,   
6903, 2190,   


-5213, -3904,   
15161, -13475,   


-1832, -4973,   
14846, 13261,   


7003, 13455,   
-10574, -11975,   


-15525, -10438,   
-11993, -10198,   


-7560, -4156,   
-13, 10757,   


7479, -11506,   
9696, 12548,   


14410, 12361,   
-630, -14124,   


670, -12570,   
-81, 7755,   


11552, 10699,   
4070, 8704,   


12983, -1954,   
-5436, 2457,   


11424, -15294,   
-3238, -6403,   


4258, -7995,   
14523, -3836,   


-5406, 6611,   
-7330, 114,   


-10350, 15399,   
6618, -14945,   


8106, 10463,   
13967, 12698,   


-4283, -2988,   
926, -5567,   


6953, 6554,   
-3694, -8319,   


-11375, -1771,   
-11658, 8352,   


-7610, 6937,   
10863, 1033,   


7513, 3141,   
2620, -7142,   


-14332, 11996,   
-14483, 3808,   


-12697, 5056,   
6565, 10241,   


11911, -14306,   
-13876, 4443,   


15483, -3848,   
3247, 2949,   


-3906, -2101,   
-12159, 15215,   


5654, 3038,   
-1157, 8338,   


10132, 10307,   
-11937, 4810,   


6710, -4548,   
8439, 12044,   


-4120, 8365,   
9909, 9678,   


1546, -6239,   
278, -15142,   


-6450, -2603,   
10018, 6794,   


15416, 9678,   
9110, -8979,   


-10717, 13836,   
7959, 7713,   


-200, 9013,   
-10843, -9034,   


-3491, 12052,   
-15007, -14951,   


-6965, -1107,   
-15235, -1456,   


-6439, -15390,   
9108, -296,   


-15323, -7627,   
9115, -13605,   


13181, -7676,   
-2596, 12693,   


3621, -14445,   
8742, 7467,   


-1277, -9691,   
15252, 2408,   


9562, -2829,   
775, -14197,   


8746, -9820,   
3893, -3356,   


-7560, -11827,   
13546, -11434,   


6893, 2839,   
-12103, -9978,   


-585, -10578,   
13818, 6225,   


-13143, -2063,   
7358, -1996,   


-13549, 7863,   
14819, -3816,   


-1581, -10663,   
424, -13472,   


-5075, 3803,   
14289, -3770,   


-8282, -4340,   
-9473, 10908,   


5977, -2,   
5980, -5832,   


1519, 8230,   
-10693, 3912,   


2692, -7415,   
-10849, -5026,   


-7940, 13798,   
9504, -9757,   


10525, 9130,   
-9644, 14502,   


-8075, 11201,   
15522, 4985,   


-13425, -9827,   
-6932, -1591,   


-4577, 7856,   
-4659, -11492,   


13834, -15363,   
-1477, 2467,   


-10547, 2616,   
14304, -6177,   


-4122, 12598,   
6702, 10794,   


-15055, 6118,   
503, 11729,   


6194, -9939,   
1477, 15015,   


13232, 447,   
5367, -13692,   


11531, 12121,   
13445, -1246,   


-10212, 10105,   
-15131, -817,   


-1871, -2538,   
395, -12606,   


9715, -11770,   
-14413, 12558,   


5675, -14130,   
2693, 5604,   


3650, 9150,   
-8286, -8898,   


-977, 2557,   
-2090, -15090,   


-8304, -2442,   
7426, -11498,   


-6678, -12263,   
-5806, -13374,   


-1239, -6797,   
-11697, 10122,   


-4109, -9594,   
940, -13278,   


-4898, -7100,   
-13198, 575,   


-9307, -7,   
-3403, -5552,   


7912, 13481,   
-1971, 2695,   


-10454, 6986,   
500, 2983,   


5415, -2546,   
-10942, -5310,   


2610, -9640,   
6065, 10348,   


15222, -10210,   
15235, -1803,   


-315, -8758,   
12140, 1812,   


-15234, -11542,   
-3330, 11719,   


12756, 12326,   
-270, 12458,   


-2255, -11027,   
8391, -12398,   


11530, -14278,   
-8688, 12924,   


-11871, -2490,   
-6033, 2772,   


-14230, -13460,   
989, -11544,   


4207, 3837,   
14088, -3110,   


-5787, 5028,   
7115, 12864,   


2455, 3266,   
12684, 3309,   


-5994, 10521,   
-10849, -281,   


-8770, -15375,   
-14406, 12227,   


3242, -7556,   
15084, -11045,   


8464, -2108,   
-7829, 681,   


-6701, -3587,   
11745, -12271,   


-6886, 8723,   
2744, 8623,   


8706, 8052,   
-7212, 3707,   


6017, 3970,   
9408, 3041,   


-4028, -13282,   
5771, 4661,   


3377, -14765,   
5326, -592,   


3591, 6878,   
-1287, 11737,   


3903, 9717,   
-5591, -3718,   


6047, 5334,   
6617, 10410,   


-9189, -11872,   
7876, -753,   


2793, -13885,   
-13164, 10808,   


-14729, 2876,   
-5322, 4990,   


-1480, 6295,   
-12305, -11596,   


-12368, 3663,   
-12088, 8437,   


-6302, 10982,   
-9674, 4989,   


-5246, -10166,   
-11035, -15421,   


-1116, 5285,   
-4517, 6011,   


7880, 2204,   
-14567, 13939,   


-9660, 1328,   
7832, 1491,   


-4281, -15507,   
-3530, 7555,   


1352, -7172,   
-9744, 5081,   


-14928, 10087,   
9845, 7121,   


-14041, -13167,   
10157, 11591,   


13092, -12964,   
-8450, 1562,   


-15460, 3042,   
-4757, 10642,   


2440, -2519,   
-12632, -5741,   


-8514, 4431,   
9016, -9823,   


6545, -5116,   
-7002, 12819,   


-4896, 14321,   
594, 3415,   


-12029, -10796,   
-9818, -8318,   


7448, -9381,   
-4437, -15194,   


-3090, 122,   
6457, 7321,   


-5987, 5189,   
10432, 14497,   


-6490, 7360,   
6025, 3893,   


-4235, -12938,   
-6820, 359,   


-10658, 15170,   
8657, 11295,   


-13828, 2552,   
-5836, -3415,   


-7592, -11082,   
-7534, 14259,   


3412, 9112,   
2028, 7137,   


-12175, 5314,   
12417, -1840,   


290, -483,   
-919, 3469,   


-14793, -9339,   
-4487, 1654,   


3380, 10872,   
-5023, 3023,   


-7963, 7958,   
-10510, 7882,   


8523, -5830,   
2040, -6300,   


12500, 27,   
-13060, 4725,   


-9609, 2907,   
-9601, -13916,   


-14920, 13765,   
3114, 8222,   


6224, -4916,   
-5735, -5357,   


-9011, 3512,   
-4825, 12444,   


10078, -12389,   
-8096, -3302,   


-13883, 3217,   
3573, 9419,   


2832, -14740,   
11287, 7500,   


5990, -13630,   
9013, 2952,   


8030, -11464,   
-6931, 2771,   


12306, 6115,   
1956, -11946,   


1061, 15292,   
-5752, -15334,   


9306, 1621,   
3547, -2429,   


-12177, 3816,   
-7763, -7118,   


-3603, 5824,   
2375, -8179,   


-9175, -9783,   
7234, -11964,   


-3279, 9764,   
4593, -9656,   


-4808, -10502,   
-468, -9011,   


10168, -8286,   
10478, -1733,   


11214, 5896,   
-960, 11355,   


6388, -4070,   
-7506, -6968,   


-47, 4703,   
-9785, 9374,   


-8790, -11855,   
-1977, 3082,   


-13785, -4356,   
1645, 10440,   


14015, 12359,   
-1405, -3755,   


-2208, 1658,   
-8791, -7320,   


14124, -5544,   
-4396, -277,   


-3019, -7298,   
4051, 4290,   


-8166, 2307,   
7631, -12849,   


14436, 3701,   
6071, 3090,   


-5014, 12592,   
-14684, -11422,   


5982, 6496,   
5429, -11884,   


-6017, 4874,   
7566, 10600,   


-10393, -2178,   
3508, 13825,   


-13134, 9205,   
6005, 5735,   


-4545, -9378,   
14867, 815,   


8658, -6715,   
-14618, -1770,   


12733, -7808,   
-5190, -222,   


-9203, 11146,   
-7036, -9838,   


-7876, -4420,   
2285, 10610,   


11354, -12244,   
8029, -10305,   


2243, -10207,   
-750, -7318,   


14139, -7229,   
-7254, 7938,   


4999, -2065,   
-14459, -841,   


12246, -9688,   
-6125, 8197,   


-14929, -11037,   
-3861, -8598,   


10753, 13858,   
-2324, 12754,   


13739, 13303,   
-12477, -6899,   


6762, 8329,   
9474, -6977,   


-5805, 3032,   
5720, 15210,   


-695, 7294,   
-2878, -8021,   


-10159, -8694,   
-6730, -2168,   


-11044, 9767,   
14056, 8438,   


10853, -8376,   
-8138, 4005,   


6956, 4857,   
11504, 2180,   


10611, 6508,   
-1145, -1665,   


-143, -13325,   
-3550, 3004,   


-1401, 536,   
-6795, -13100,   


-4637, -7923,   
-3813, 11607,   


-13592, 311,   
2594, 5707,   


-14416, -1042,   
-403, 4654,   


-3674, -11296,   
-10277, 1903,   


-4687, -6078,   
-14884, 4490,   


-5418, -4159,   
-13779, -11653,   


5239, 10288,   
-4270, -4010,   


14159, 11060,   
15448, 2403,   


-11287, -3912,   
7886, -6979,   


13693, 2916,   
-15057, 461,   


-489, -12261,   
3858, -2543,   


11329, 10556,   
-12585, -487,   


-11202, 10004,   
8841, -2612,   


5757, -13398,   
8895, -8075,   


-13193, -10558,   
-348, 12080,   


7881, -1593,   
550, -13541,   


4622, -509,   
2939, -995,   


10792, -1594,   
-2240, 1945,   


10063, 6158,   
-41, 3615,   


-899, -5892,   
14351, -8605,   


-1447, 6698,   
-10463, -10395,   


9141, -11310,   
-9328, -15208,   


448, 9442,   
-160, 13911,   


6400, 677,   
-10406, -10902,   


6185, 3907,   
9756, -7295,   


-6551, -3088,   
3771, 7401,   


-8655, -5698,   
-1314, -7938,   


-6860, 7494,   
5234, 4491,   


6392, 14824,   
-10850, -9817,   


6304, 8147,   
13562, 10566,   


-13828, 6520,   
12035, 12179,   


4011, 3359,   
-9748, 10862,   


-4630, -10282,   
15423, 15527,   


2015, 5839,   
-6609, -12927,   


-2526, 10900,   
-3223, 4040,   


-2009, -8380,   
-2840, 1077,   


-5208, -7341,   
5083, -9355,   


12835, 12631,   
9101, -14996,   


11503, -14954,   
4770, 6954,   


-11734, -1636,   
-593, 2790,   


-204, -9315,   
-11992, 3210,   


3941, -14769,   
12575, 7360,   


-12153, -6463,   
-12579, 7160,   


5394, 1289,   
-3211, -8019,   


-10021, -13522,   
10198, -10732,   


-9571, 4636,   
13467, 7148,   


3156, -3394,   
-12241, 8636,   


10421, -14455,   
13944, -9692,   


-851, -13348,   
1152, -14137,   


1096, -13929,   
-1570, -10361,   


-4417, 10693,   
-3835, -1683,   


-14671, -6493,   
3949, -8312,   


7857, 5732,   
-5488, 708,   


11768, -12557,   
8690, 5141,   


12589, 15536,   
8497, -14581,   


-2280, 2297,   
13260, -6074,   


9979, -12508,   
15282, -13254,   


7056, 4398,   
4897, 9154,   


1581, -1907,   
-7309, -4841,   


-9167, 15335,   
-5800, -3872,   


-1521, 2589,   
14220, -13458,   


-3483, 5829,   
-5522, 15161,   


-2340, 11923,   
-15207, 12539,   


-7931, 3632,   
4144, 4735,   


-7972, 15188,   
-8355, 14245,   


6580, -8668,   
13544, 7800,   


-3490, -10474,   
-4646, -13365,   


644, 10746,   
-13068, 4045,   


14978, 4859,   
14416, -10269,   


-1815, -9818,   
-2394, 996,   


12604, -2237,   
-2006, 81,   


1056, 5904,   
11805, -5742,   


2687, -821,   
10074, 14162,   


11217, 9024,   
10191, 14680,   


15486, 6034,   
13138, 1480,   


-7045, 11182,   
-7127, -14495,   


15424, 6278,   
-2140, -12105,   


12314, -13558,   
2369, 9885,   


-13300, 5295,   
13331, -8669,   


1069, 9173,   
10524, 8160,   


-10239, -1406,   
-4744, -9658,   


10695, 5750,   
7406, -3809,   


15550, 13737,   
12923, 11248,   


6502, 1607,   
7110, 2852,   


13676, 6684,   
9145, 5540,   


-15129, -7647,   
-2800, -8953,   


-12519, -1143,   
-9738, 12112,   


447, -12700,   
5906, -12130,   


2659, 6618,   
-14225, -379,   


-15029, 11179,   
-8770, -9514,   


817, -12482,   
2366, -5001,   


-10549, 6126,   
-9560, -14333,   


-7440, 3562,   
14968, -5389,   


952, 9104,   
13349, -3586,   


-495, 6145,   
-13203, 7611,   


3742, -2664,   
-2788, 3239,   


7825, 12848,   
2778, 1145,   


-11550, -9082,   
14173, 8481,   


-11784, 10987,   
-14141, -5118,   


12146, -6952,   
15167, -8808,   


12818, 6715,   
-6232, -6233,   


-12401, 9737,   
9853, -2826,   


8618, -3326,   
10962, 11170,   


14272, -8853,   
9267, 13909,   


8635, 1618,   
3429, -11061,   


7526, -14886,   
-14820, -11731,   


-3233, 5569,   
-6896, -10691,   


-12818, -2784,   
-7001, -4773,   


4891, 717,   
-3555, 12326,   


-17, 3065,   
3684, -2700,   


-8328, -2260,   
-4962, 14328,   


-8916, -971,   
6266, 10519,   


11815, 8665,   
549, 14621,   


-5654, 1395,   
534, 7056,   


-4364, -11501,   
1761, 11500,   


14038, 14403,   
4818, -14353,   


-13289, 1285,   
5547, -13371,   


13784, -12578,   
3621, -4855,   


4137, -7094,   
10165, -8872,   


-13033, 1950,   
-5959, 13164,   


8725, -12128,   
-5719, -7049,   


-9192, -13718,   
-5401, -6719,   


-14328, -13283,   
-7612, -9651,   


6695, -14148,   
14818, 8329,   


14728, 2144,   
10210, 8798,   


1974, -6087,   
-11786, -154,   


-5095, 847,   
-45, -1999,   


3314, -11606,   
-15505, 7044,   


1143, 13716,   
-1681, 1882,   


-6303, -7279,   
2415, 12448,   


6683, 10514,   
-6062, 12948,   


-7114, 15304,   
4913, 1754,   


11412, -3287,   
11132, -2689,   


-10277, 3193,   
9028, -86,   


-14854, 7449,   
9243, 8256,   


4774, 762,   
-1040, -2311,   


-823, -4720,   
-317, -10749,   


-8563, 901,   
2635, 2246,   


6886, 2091,   
-6510, -3588,   


-2081, 12480,   
-12242, 2913,   


15029, 5202,   
-9377, 8873,   


987, -8354,   
6819, 5038,   


6519, -15061,   
7489, 1096,   


1621, 14306,   
-3550, 4978,   


1137, -9604,   
-7947, -9346,   


2937, 12408,   
3443, 13413,   


-9971, 10404,   
-14994, -2503,   


-10854, -3028,   
-3147, 9972,   


-2474, 5353,   
-2145, 10683,   


-9284, -9294,   
-10448, 12621,   


-12494, 13184,   
7728, 14270,   


-1111, 14826,   
-4014, -9780,   


13101, -14100,   
11670, -953,   


11932, 9630,   
-1107, -14201,   


-5539, -15048,   
3956, 8134,   


10738, 3656,   
-249, -1944,   


-12779, -765,   
-6371, -649,   


-6197, -4424,   
-11766, -3779,   


337, -11987,   
-11694, 11098,   


10194, 6709,   
-1926, 9253,   


5738, 5539,   
5966, 9624,   


14117, 4567,   
5604, -5414,   


7510, 14994,   
-10042, -5320,   


-634, -11505,   
-14962, 8368,   


-705, 14269,   
-6118, 10460,   


-11818, -805,   
-2126, -10643,   


12618, 889,   
-5691, 1230,   


14332, -1119,   
-1177, -8600,   


2647, -11924,   
-7009, 1919,   


10373, -3723,   
9222, -7802,   


-3224, -12070,   
-8840, -11782,   


4238, -1477,   
2179, 1152,   


-14302, -10093,   
-732, 5012,   


-10836, 2202,   
14938, -12838,   


-9785, -9318,   
2185, -12224,   


2684, 12448,   
-8603, -15514,   


-9252, -5024,   
8513, -10653,   


6434, -9062,   
14279, -2464,   


693, -8394,   
8926, -13246,   


-6248, 5141,   
-3809, -4595,   


-8001, -14846,   
13400, -12580,   


6130, -6223,   
-15163, 3732,   


7756, 6297,   
3621, 2171,   


10451, 10690,   
14879, -3397,   


10176, 6599,   
4813, -2026,   


-5570, 318,   
-4790, 8420,   


12399, 3183,   
3649, 2779,   


-12489, -12965,   
-8452, -1339,   


-2857, 7495,   
-13592, -10147,   


8940, -7771,   
12416, -14834,   


-9819, 4152,   
-3316, -12060,   


14962, -9999,   
-1902, -4646,   


14193, 2149,   
11545, 11459,   


-11764, 3010,   
-12907, 1593,   


-4330, -3259,   
9477, -11831,   


-11698, 13423,   
14004, -13336,   


8801, 14405,   
-14781, 13690,   


3612, 14054,   
-8055, -160,   


12521, -1757,   
-5383, 14075,   


-15168, 6741,   
-697, 4975,   


-2446, -14552,   
7356, -8673,   


-7226, 2512,   
11532, 12100,   


-13492, -7367,   
9584, 9762,   


8287, 9716,   
13718, -11079,   


14916, 13588,   
9268, 7215,   


6785, -11511,   
5612, 8700,   


13388, -13352,   
7000, 14970,   


11076, -3050,   
-3226, -5183,   


9017, 4128,   
-3681, -10885,   


1951, 5500,   
10878, -11280,   


-9167, -6443,   
-5226, 10336,   


-13978, -13117,   
-13567, 11267,   


14233, 7087,   
-6445, 15330,   


7399, -699,   
65, -668,   


-10061, 4760,   
4608, -4131,   


12500, -11651,   
-3704, -15162,   


-10576, -15563,   
10043, -548,   


6971, -2505,   
-9119, 1620,   


879, -4047,   
12783, 11626,   


10503, 4012,   
4334, -14298,   


-8583, 9373,   
-12296, 11787,   


13096, 1473,   
538, -7184,   


11440, -165,   
1416, -6805,   


-8867, 1925,   
13975, 9748,   


-9883, -7298,   
-13740, 11358,   


787, 8091,   
-9232, -12708,   


10219, 1979,   
14159, -3565,   


-7638, -7816,   
-6988, 8690,   


11601, -9389,   
-794, -1786,   


4964, -5213,   
-11997, 13987,   


-8568, 6465,   
6594, 6884,   


4151, -10189,   
-7913, -11243,   


2025, 7423,   
-13231, -3302,   


-9995, -9564,   
-13216, 10207,   


-5314, -11019,   
-166, -697,   


-4684, -2789,   
4025, -4707,   


-292, 10702,   
13244, 10910,   


-14436, -3824,   
-4004, 9008,   


-5017, -5212,   
10296, 13464,   


1847, -5875,   
6818, 13035,   


-12919, 3572,   
10129, 12917,   


-555, -937,   
253, 9836,   


14744, 3176,   
1061, -9112,   


13580, -1966,   
-13295, -1227,   


-2764, -1759,   
-7949, 11239,   


-10251, 15441,   
-6825, -12041,   


14569, 14654,   
6135, -12997,   


1787, -6366,   
3358, 15058,   


-564, -13768,   
5682, 3181,   


-5588, 4816,   
1687, -8552,   


15415, -10641,   
-4524, 10692,   


8633, 3894,   
5185, 8288,   


10254, -15410,   
-5502, 12054,   


9868, -8471,   
7144, -15142,   


14128, -3307,   
1730, 5804,   


-10651, -5317,   
7388, -1331,   


15254, -12992,   
11077, 5412,   


-5274, 9159,   
-4748, -1237,   


5338, -9705,   
-11219, 9691,   


8616, -6551,   
-3049, -5744,   


14491, -2956,   
9530, 12066,   


11866, 11405,   
9965, -11607,   


-15290, -1676,   
-2284, -5559,   


6483, -14018,   
5270, -8272,   


5435, 5099,   
-9923, 11908,   


-8484, -729,   
8259, 10186,   


1332, -11771,   
-9148, -7961,   


-6333, 8536,   
-760, 3569,   


-239, -11134,   
-1278, 7798,   


10190, -4667,   
7627, -12808,   


9584, 8148,   
2733, -9857,   


10020, 2756,   
-2923, -8606,   


3424, 13745,   
-1082, 4062,   


12098, -648,   
-8174, -9203,   


9638, 9065,   
9500, -2740,   


10630, 132,   
4254, -694,   


5263, -1698,   
7422, 9996,   


-4441, -14809,   
4436, 4560,   


-14952, -9957,   
-14112, 7333,   


4792, -2816,   
-10001, 8715,   


11358, 8241,   
-3486, 13128,   


14501, -2866,   
-8090, 11354,   


3237, 13857,   
-14279, -4705,   


8393, -6495,   
-11523, -6678,   


5046, 14841,   
-8608, 8438,   


11788, 15238,   
-7603, -12260,   


3498, -120,   
7426, 7670,   


-6956, -5358,   
13829, -559,   


14066, 3343,   
-4793, -15473,   


-6070, -15367,   
-11769, -7388,   


9060, 13824,   
-6589, 11944,   


-9719, 4314,   
5477, 4200,   


-4353, -15039,   
-7356, 7929,   


11159, 10721,   
-4052, 3226,   


9059, -7,   
5395, -10428,   


-13613, -13624,   
-14029, 13687,   


9957, 942,   
-3153, 12353,   


15411, 7957,   
-10287, -11789,   


-1662, 11151,   
-5554, 11186,   


-8052, 7551,   
-12979, -4629,   


-2715, 2978,   
13076, 8296,   


1844, -4456,   
4205, -15491,   


6345, -5665,   
-6802, 6629,   


9154, -15173,   
8882, 5535,   


-14905, -10122,   
-7123, 1849,   


-7745, -11473,   
6163, 11731,   


2221, 4504,   
12743, -6124,   


3510, 15231,   
-10985, 10927,   


-13251, 1645,   
4542, 15130,   


-13214, -1300,   
-14342, 7319,   


-12387, -2677,   
12443, 10880,   


12398, 13382,   
-12422, 9169,   


2272, 360,   
-13882, 6070,   


-14010, 5605,   
-10966, 8692,   


-11140, 5376,   
-2272, 14807,   


1705, -4426,   
10864, 1936,   


-2860, 7449,   
-11271, 13255,   


-2641, 14514,   
-12558, 13508,   


8745, 1766,   
-14424, 14350,   


-1499, 9009,   
-291, -2090,   


13827, 9917,   
-9989, -12334,   


6901, 3492,   
15104, 6941,   


7940, -9665,   
-13385, 5032,   


12901, -10472,   
9258, -7659,   


-1693, -13543,   
5752, -9362,   


12130, -11073,   
-10051, 13497,   


-13267, 11028,   
6732, 11343,   


3819, -12074,   
-7854, -9394,   


6028, 5301,   
-4402, -14386,   


15218, 4008,   
623, 11062,   


-12522, -10026,   
-10682, 13973,   


8983, -7617,   
-3530, -3993,   


-3912, 12585,   
1843, -1997,   


-8184, 13426,   
10841, -6165,   


14764, 2884,   
2497, 15017,   


6749, -13536,   
-3694, -7771,   


12642, -7597,   
6848, 1306,   


-12285, -3764,   
11140, 12627,   


1859, -4610,   
4182, 4873,   


-11556, 12714,   
-4414, -1169,   


2762, -7127,   
-9791, -10277,   


-197, 11309,   
-13612, -10260,   


-8764, -1302,   
-14203, 7674,   


-2315, 10872,   
-6960, -9842,   


