-11457, -11929,
4678, -2904,
9297, -6945,
13066, -452,
3160, -7137,
10822, -11485,
13029, -3698,
14539, -4455,
-16173, -13795,
6851, -4701,
9637, -11899,
-5935, -7996,
5744, -9403,
-11992, -2049,
-8776, -10852,
-8522, -344,
9737, -5945,
5145, -2363,
-7566, -10307,
10803, -1945,
-9914, -16378,
-11851, -14258,
8101, -3401,
6783, -5221,
-10689, -15084,
2583, -14741,
6178, -12407,
8765, -7341,
-3463, -12756,
4405, -8527,
2341, -1612,
-15533, -5834,
6353, -4239,
-5120, -6264,
-6387, -1398,
8922, -914,
9767, -11096,
15292, -11557,
2652, -11453,
-12257, -9082,
14082, -18,
5393, -5006,
-2627, -11633,
5024, -7726,
-12849, -1536,
8678, -14848,
-889, -14168,
-6416, -263,
12664, -12983,
14255, -2065,
-1198, -13460,
-11892, -14298,
-5480, -7353,
-14659, -15420,
-8366, -7827,
13545, -10694,
-12247, -1356,
14603, -16283,
3774, -3456,
-3782, -11499,
13838, -13820,
2068, -3488,
-622, -5643,
-1389, -10641,
14993, -14789,
