16910, 7234,
24535, -6832,
21937, -31734,
20619, -3135,
-138, -4761,
21621, -28617,
-2285, -2430,
10303, 14365,
-17508, 16166,
22620, 51,
-22687, -19984,
-810, -10986,
-8704, 15497,
-6441, 3099,
12138, -8465,
-32731, 29670,
1916, -5576,
30685, 2499,
-12572, -5427,
-810, -10986,
-8704, 15497,
-6441, 3099,
12138, -8465,
10303, 14365,
-17508, 16166,
22620, 51,
-22687, -19984,
-9815, -7457,
16910, 7234,
24535, -6832,
21937, -31734,
20619, -3135,
-8704, 15497,
-6441, 3099,
12138, -8465,
10303, 14365,
-17508, 16166,
22620, 51,
-22687, -19984,
-9815, -7457,
-9815, -7457,
16910, 7234,
24535, -6832,
21937, -31734,
20619, -3135,
-138, -4761,
21621, -28617,
-2285, -2430,
10303, 14365,
-17508, 16166,
22620, 51,
-22687, -19984,
-810, -10986,
-8704, 15497,
-6441, 3099,
12138, -8465,
-32731, 29670,
1916, -5576,
30685, 2499,
-12572, -5427,
1916, -5576,
30685, 2499,
-12572, -5427,
-810, -10986,
-8704, 15497,
-6441, 3099,
12138, -8465,
10303, 14365,
-17508, 16166,
22620, 51,
-22687, -19984,
-9815, -7457,
16910, 7234,
24535, -6832,
21937, -31734,
20619, -3135,
10303, 14365,
-17508, 16166,
22620, 51,
-22687, -19984,
-9815, -7457,
16910, 7234,
24535, -6832,
21937, -31734,
-9815, -7457,
16910, 7234,
24535, -6832,
21937, -31734,
20619, -3135,
-138, -4761,
21621, -28617,
-2285, -2430,
10303, 14365,
-17508, 16166,
22620, 51,
-22687, -19984,
-810, -10986,
-8704, 15497,
-6441, 3099,
12138, -8465,
-32731, 29670,
1916, -5576,
30685, 2499,
-12572, -5427,
10303, 14365,
-17508, 16166,
22620, 51,
-22687, -19984,
-810, -10986,
-8704, 15497,
-6441, 3099,
12138, -8465,
10303, 14365,
-17508, 16166,
22620, 51,
-22687, -19984,
-9815, -7457,
16910, 7234,
24535, -6832,
21937, -31734,
20619, -3135,
-138, -4761,
21621, -28617,
-2285, -2430,
-32731, 29670,
1916, -5576,
30685, 2499,
-12572, -5427,
